1991.25 3302.31346644891 670.126710450839 0.20386297845837 454.189437380612 54959279.1854651
1991.5 3280.5860751678 661.64942779001 0.202289788258284 446.543187753251 54984863.5112786
1991.75 3264.41585186632 645.73481437163 0.201301282736902 467.29221988447 55036032.1629056
1992 3280.9893385131 646.771908721687 0.201285371883164 472.040801611765 55112785.1403461
1992.25 3302.59555422564 677.125231882981 0.200707296331763 472.726510053149 55215122.4436002
1992.5 3273.08387585464 663.911133560248 0.200227090907964 469.283888655776 55309757.1874613
1992.75 3256.93626179765 624.754029636854 0.197591025770503 502.913684673734 55396689.3719294
1993 3237.12027571807 617.429043082682 0.195375130259672 470.230461050257 55475918.9970047
1993.25 3207.13870264767 597.857551353683 0.19373822281647 494.224629258922 55547446.0626869
1993.5 3191.88035465304 606.883921808193 0.192661635437751 488.508686239319 55602414.8638846
1993.75 3190.6167413429 610.00599098727 0.19198951686687 483.47094117069 55640825.4005978
1994 3174.28709514278 590.305489371909 0.190426095243512 489.019538608295 55662677.6728264
1994.25 3191.69150999903 604.176720465209 0.190892024697209 504.381014195849 55667971.6805704
1994.5 3187.12450788601 620.71543076428 0.190084384300805 509.769983840294 55677422.6114394
1994.75 3195.84575045293 631.449432832996 0.190295090323895 497.46111176039 55691030.4654334
1995 3218.34255616344 654.235485248964 0.190513353806512 496.543449750703 55708795.2425525
1995.25 3207.88724177147 639.404094341834 0.189664673384238 511.167976723999 55730716.9427965
1995.5 3220.62721594715 642.002264588499 0.188942755372298 513.17099327154 55757010.0457751
1995.75 3219.53814814151 636.349578074037 0.189400891880827 522.089857177671 55787674.5514882
1996 3215.12813022068 626.03725692146 0.187739734820704 527.461587039595 55822710.4599359
1996.25 3190.08255424852 596.658449088261 0.185508324461875 529.798546637243 55862117.7711182
1996.5 3217.08133978298 621.85500200471 0.186114789568945 529.35176842664 55895973.9871434
1996.75 3222.74109251013 608.981025575986 0.185826373016911 546.387815557415 55924279.1080115
1997 3239.54338053439 625.338157513593 0.184489911811527 543.544507824309 55947033.1337225
1997.25 3226.73124696985 614.648906739817 0.182637054048679 532.147565297766 55964236.0642764
1997.5 3256.49076254215 624.469951813321 0.183409358655165 549.810535824708 55977562.410787
1997.75 3263.30988312811 630.009371428683 0.183604884971309 553.134668066984 55987012.1732542
1998 3281.25245676369 634.874029532697 0.183250813447185 551.234866832406 55992585.351678
1998.25 3304.36683254029 662.59096521944 0.18308568647985 554.83580061789 55994281.9460584
1998.5 3293.51795075677 656.097373555263 0.183279810769812 557.709838712499 55993661.8053868
1998.75 3303.71650991477 652.635963711001 0.183762449336048 554.330308690345 55990724.9296632
1999 3291.57979319774 638.537454334336 0.183496132835284 548.562874314067 55985471.3188875
1999.25 3316.49563207596 660.620409888137 0.183781349936976 540.228483622358 55977900.9730598
1999.5 3315.47289872191 642.46341888925 0.184242713281925 550.672155589389 55964657.2455045
1999.75 3343.34319196711 670.218444105361 0.183305381261074 553.098918170075 55945740.1362213
2000 3365.55944284163 680.818183755667 0.182728672089928 553.467121469749 55921149.6452104
2000.25 3404.57777470169 685.675918694742 0.182149683798918 565.932833035255 55890885.7724717
2000.5 3428.13227707846 694.101732541468 0.181989658093746 563.086655390355 55863123.1143872
2000.75 3429.66852921711 713.659295666517 0.182167457851902 540.749886905255 55837861.6709567
2001 3424.55101469876 713.219995767077 0.182490731962038 533.880313477046 55815101.4421804
2001.25 3479.06452433223 691.93428770779 0.182859736682466 583.025156137514 55794842.4280582
2001.5 3481.70459411548 688.033390609588 0.182725772210512 583.734349350776 55777608.2511857
2001.75 3479.71300455168 667.199074688915 0.182319927049598 601.645060756407 55763398.9115628
2002 3480.27483074728 638.95929624394 0.181473343230031 637.357561079213 55752214.4091896
2002.25 3468.50470240857 611.247729881167 0.180622096918414 665.70246223771 55744054.7440661
2002.5 3479.93954045822 616.440895952091 0.1802207157036 678.14952092865 55730773.38039
2002.75 3491.66166165804 609.459391216709 0.179627793564482 697.485776034807 55712370.3181611
2003 3487.45725238779 591.960127408934 0.178760052784211 701.335450716219 55688845.5573794
2003.25 3447.30315647773 602.980106216393 0.178080693995443 643.384120167747 55660199.0980451
2003.5 3449.00601898654 599.282613958135 0.177593081866124 657.836113596157 55623030.075093
2003.75 3468.99505721384 581.769129410069 0.1776136433186 694.864445243587 55577338.4885231
2004 3477.96663863127 594.513159878715 0.177068925824745 686.642236430069 55523124.3383356
2004.25 3476.16128695401 571.532999312314 0.176775338091964 708.43247855546 55460387.6245302
2004.5 3492.38059300127 569.164127497353 0.17598847780513 730.022771548234 55394800.6891957
2004.75 3489.90840992486 598.748191797097 0.176860687286938 695.017876373322 55326363.532332
2005 3490.33542346371 586.817388160261 0.176994383125517 688.7324278043 55255076.1539391
2005.25 3493.17992692787 541.874241832777 0.176256814541719 728.030321238247 55180938.554017
2005.5 3510.85455097348 577.423106455412 0.177368885616543 711.812835749225 55104266.4924411
2005.75 3538.22992629893 583.307950905581 0.178550046000313 721.622659042258 55025059.9692113
2006 3557.5467398878 618.639010767855 0.180535795642979 694.595734897309 54943318.9843276
2006.25 3592.01863396217 616.961185810303 0.183587102305149 710.396344763695 54859043.5377902
2006.5 3646.73871637693 651.984541971481 0.185341591175042 726.484822692217 54780175.5440588
2006.75 3674.68377928199 658.988193822279 0.186286447050599 739.614987233476 54706715.0031336
2007 3720.58564834602 635.758268520203 0.188366914336584 785.547607510098 54638661.9150146
2007.25 3722.43107078356 702.50755021256 0.18937488728143 769.673706374236 54576016.2797016
2007.5 3745.76225232163 680.415740936125 0.191319600725146 799.44690160579 54518880.7136955
2007.75 3760.80007702836 686.968557433668 0.191556964785266 802.780237395381 54467255.2169963
2008 3780.89079460719 692.571182384205 0.1923861492268 811.507514816267 54421139.7896039
2008.25 3803.17691288325 714.323793637896 0.19279745805252 811.912892566256 54380534.4315184
2008.5 3798.978997208 689.189093785348 0.192764559654313 824.528465957309 54322405.7156765
2008.75 3782.62612132442 711.481060979922 0.193401683226817 772.589359953576 54246753.6420783
2009 3738.25584773584 685.588112243464 0.192251066555482 764.383341057204 54153578.2107238
2009.25 3605.78060288627 587.067984473848 0.189061896727814 724.36585454869 54042879.421613
2009.5 3612.01334305272 553.360673996709 0.18655975886089 771.481019724453 53983873.3373232
2009.75 3630.78944762 579.783142439312 0.186520514772166 783.135389533342 53976559.9578543
2010 3654.92487845647 571.603554850773 0.186973179700355 814.802138353461 54020939.2832065
2010.25 3680.35158410219 608.806049923277 0.189265154095814 786.572149803882 54117011.3133797
2010.5 3750.46732609765 649.975053389675 0.190431394399466 783.275390535165 54077435.6000968
2010.75 3787.40660529996 657.694258910675 0.191357366065841 808.681338014963 53902212.1433578
2011 3831.24455054173 669.346097218006 0.194154357195107 819.409133117713 53591340.9431627
2011.25 3917.11478933304 725.645295008551 0.198296281832363 817.197816434336 53144821.9995114
2011.5 3941.30024325417 751.686451656328 0.200000425662915 804.977788594852 52850979.2222461
2011.75 3980.01701087655 750.955757404045 0.201487879302157 825.817882790891 52709812.6113666
2012 3972.29937617062 735.541399525072 0.201581218266953 827.576438472348 52721322.1668729
2012.25 3970.02496165077 692.005218915251 0.200148793863353 856.01485576135 52885507.8887652
2012.5 3970.1158840283 674.464448846487 0.199220914050807 873.769419056766 53012410.2220158
2012.75 3974.81783011855 670.854829314051 0.199344009505957 888.384698795464 53102029.1666246
2013 3959.7025911994 673.112582965077 0.199231780551129 867.931179434092 53154364.7225918
2013.25 3946.36397989307 663.654964345518 0.197606059954423 866.41208684457 53169416.8899172
2013.5 3978.74626269887 700.041556126842 0.1994040903701 861.339874261285 53187252.6008803
2013.75 3996.15572066756 706.127853126368 0.200406308904145 870.5956902163 53207871.8554808
2014 4005.17906427951 689.706512331292 0.20014035311256 898.381236725147 53231274.6537189
2014.25 4035.0948633309 723.40744517666 0.200886633004844 899.083368865634 53257460.9955946
2014.5 4032.62412934181 728.552143511807 0.200997426221303 902.257984855519 53303815.9341067
2014.75 4043.43577146196 702.210022781695 0.201152150282159 928.93919638504 53370339.4692554
2015 4061.70243003665 704.136227731883 0.201277370631131 944.853361748367 53457031.6010405
2015.25 4036.82218563099 696.903245823627 0.201370158149419 945.815057721052 53563892.3294622
2015.5 4052.20020421682 682.782603185325 0.201082815978587 971.0230093312 53664375.6890457
2015.75 4060.49057322336 693.518470667956 0.199713632206481 966.526553139846 53758481.679791
2016 4070.01514922885 704.125073194302 0.200715308334176 962.575739732257 53846210.3016982
2016.25 4093.78766937226 721.963428358156 0.203493664412922 968.653718182894 53927561.5547672
2016.5 4108.97627240521 700.738377660089 0.2038811702192 995.224366287972 53980630.2340876
2016.75 4121.56074615438 707.832353620285 0.204147728577831 983.603231032891 54005416.3396595
2017 4140.65691396923 736.594345660067 0.203926468540386 957.965751115134 54001919.8714829
2017.25 4190.00595379054 753.693072060357 0.204258053177702 978.090493607827 53970140.8295577
2017.5 4226.03364120099 774.906315888534 0.205623815567102 986.511311601621 53944224.4809642
2017.75 4256.15885960181 769.416606197136 0.207040410811366 1010.2125959601 53924170.8257026
2018 4289.75929698449 799.851650174535 0.206902925841635 1002.47409446873 53909979.8637727
2018.25 4271.11161152883 778.884974332555 0.205160220554283 998.683022660806 53901651.5951745
2018.5 4295.4416707702 800.461909599621 0.207318589665746 1002.20860907303 53888810.4496652
2018.75 4270.40925723535 836.601147666213 0.207117720093568 945.654066726293 53871456.4272447
2019 4298.26930645653 860.147407591396 0.208104738329681 937.237125742292 53849589.5279129
2019.25 4324.78215822522 837.385409099281 0.208608032914252 975.922420298155 53823209.75167
2019.5 4325.7968628547 836.580227850731 0.208132148358326 971.072552067492 53789300.7405046
2019.75 4340.15598210209 819.96636792086 0.209520086778429 1002.17293686811 53747862.4944166
2020 4363.95097585836 855.405853505953 0.209263710503115 971.243410334755 53698895.0134061
2020.25 4334.82586638135 864.996704034264 0.204033469710186 961.012637433041 53642398.297473
2020.5 4027.42268473941 768.259741109355 0.188916546899162 927.87554357725 53580913.8921103
2020.75 4305.51241201632 761.488612479781 0.201602216747026 1060.98548440136 53514441.797318
2021 4329.31453597063 818.035129271352 0.197386664100145 1071.55835994983 53442982.013096
2021.25 4277.95619666852 878.542802906326 0.195783693511359 1037.89714413988 53366534.5394445
2021.5 4339.91061647675 854.577948714206 0.199219563376015 1066.74171578466 53309198.9342058
